8
Test#1
32 0.01 2.15 0.04 0.75 0
42 0.03 1 0.64 0.73 0.47
8 0.02 1.4 0.5 0.82 1
3.96 0.01 0.3 4 0.6 0.5
Test#2
32 0.01 2.15 0.04 0.532172 0.846637
62 0.03 1 0.64 0.476283 0.879292
8 0.02 1.4 0.5 0.152057 0.988372
3.96 0.01 0.3 3 0.21693 0.976187
Test#3
32 0.02 1 1 0.75 0.01
62 0.01 0.01 0.01 0.73 0.47
8 0.01 0.01 0.01 0.82 1
3.96 0.01 0.01 0.001 0.6 0.5
Wave#1
32 0.03 1 1 0.496139 0.868243
62 0.01 0.01 0.01 0.5547 0.83205
8 0.01 0.01 0.01 0.67828 -0.734803
3.96 0.01 0.01 0.001 0.0302891 -0.999541
Wave#2
32 0.03 1 1 0.75 0.44
16 0.04 0.54 1.01 0.34 0.75
8 0.01 0.01 0.01 0.82 1
4 0.01 0.01 0.001 0.6 0.5
Wave#3
32 0.03 1 1 0.782823 0.622244
16 0.04 0.54 1.01 0.0344623 0.999406
8 0.04 0.81 0.51 -0.718602 0.695421
4 0.01 0.01 0.001 -0.514496 0.857493
Wave#4
32 0.03 1 1 -0.472818 -0.88116
16 0.04 0.54 1.01 0.214407 -0.976744
8 0.04 0.81 0.51 -0.351123 -0.936329
4 0.2 0.11 0.31 0.0256326 -0.999671
GoodWave#1
32 0.03 1 1 0.260909 0.965363
8 0.08 0.54 0.07 -0.242536 0.970142
4 0.01 0.21 0.31 0.0270172 0.999635
1 0.01 0.05 0.21 0 1
